The stats on the cds are as follows
LengthEstimates on the cds
153
280
119
389
152
191
95
47
89
45
73
85
66
75
154
95
47
89
45
73
85
135
1076
932
113
210
394
219
172
122
160
233
150
182
161
95
628
97
190
905
164
406
177
932
113
210
394
219
172
122
160
233
150
182
164
95
628
97
190
905
164
406
177
123
28
65
107
65
120
81
42
Length estimates on the plus strand are:
153
280
119
389
152
191
932
113
210
394
219
172
122
160
233
150
182
161
95
628
97
190
905
164
406
177
932
113
210
394
219
172
122
160
233
150
182
164
95
628
97
190
905
164
406
177
Length estimates on the negative strand
95
47
89
45
73
85
66
75
154
95
47
89
45
73
85
135
1076
123
28
65
107
65
120
81
42
