The stats on the exon are as follows
LengthEstimates on the exon
282
280
119
389
152
460
166
47
89
45
73
85
66
75
632
335
166
47
89
45
73
85
293
279
379
1524
1305
113
210
394
219
172
122
160
233
150
182
161
95
628
97
190
905
164
406
325
1035
113
210
394
219
172
122
160
233
150
182
164
95
628
97
190
905
164
406
218
206
124
123
28
65
107
65
120
81
254
Length estimates on the plus strand are:
282
280
119
389
152
460
1305
113
210
394
219
172
122
160
233
150
182
161
95
628
97
190
905
164
406
325
1035
113
210
394
219
172
122
160
233
150
182
164
95
628
97
190
905
164
406
218
206
Length estimates on the negative strand
166
47
89
45
73
85
66
75
632
335
166
47
89
45
73
85
293
279
379
1524
124
123
28
65
107
65
120
81
254
